0.05,0.85,1,2000,[0.76 0.84],[0.063 0.058],8-2,
0.1,0.85,1,2000,[0.813 0.747],[0.06  0.066],8-2,
0.15,0.85,1,2000,[0.813 0.813],[0.058 0.056],8-2,
0.05,0.85,1,2000,[0.787 0.8  ],[0.055 0.056],8-6-2,
0.1,0.85,1,2000,[0.973 0.933],[0.032 0.042],8-6-2,
0.15,0.85,1,2000,[1.    0.933],[0.021 0.037],8-6-2,
0.05,0.85,1,2500,[0.76  0.773],[0.062 0.069],8-2,
0.1,0.85,1,2500,[0.76 0.8 ],[0.058 0.063],8-2,
0.15,0.85,1,2500,[0.773 0.76 ],[0.059 0.072],8-2,
0.05,0.85,1,2500,[0.813 0.733],[0.051 0.065],8-4-2,
0.1,0.85,1,2500,[0.987 0.893],[0.032 0.043],8-4-2,
0.15,0.85,1,2500,[1.    0.907],[0.025 0.036],8-4-2,
0.05,0.85,1,3000,[0.84  0.813],[0.055 0.052],8-2,
0.1,0.85,1,3000,[0.787 0.76 ],[0.058 0.061],8-2,
0.15,0.85,1,3000,[0.88 0.88],[0.045 0.052],8-2,
0.05,0.85,1,3000,[0.867 0.8  ],[0.047 0.055],8-6-2,
0.1,0.85,1,3000,[1.   0.96],[0.024 0.038],8-6-2,
0.15,0.85,1,3000,[1.   0.92],[0.02  0.036],8-6-2,
